AB28102 17.56 10 2 17
AC04855 19.20 8 0 20
AF89345 19.45 9 2 23
AB87852 20.00 7 1 19
AT59893 17.98 10 0 20
AD98455 20.40 8 2 20
AY39856 19.85 7 2 21
AN08456 19.00 6 0 21
AR40856 21.34 9 3 22
AR90998 17.09 9 0 23
AJ08735 17.23 9 3 19
AQ98045 18.30 8 0 20
AT07875 21.34 8 1 20
AB00865 19.37 10 0 23
AW79644 18.39 9 2 22
AG08801 18.38 11 0 21
AV07865 19.02 6 5 23
AL07866 20.38 8 2 21
AU76542 20.71 6 0 21
AL07542 21.90 9 1 21
AM05326 19.28 7 3 20
AX02587 18.92 9 0 21
AE74184 20.93 10 4 20
AB79420 17.29 9 2 19
AV84211 18.20 8 0 20
AL08731 21.39 10 3 21
AL94522 22.34 8 3 19
AQ02642 21.39 7 4 20
AH00128 18.28 8 5 21
AV08345 17.38 7 5 22
AS32097 18.37 10 2 23
AA20173 18.23 10 4 19
AL30236 17.34 8 0 18
AV03281 20.47 9 4 19
AZ54087 20.43 10 2 20
AJ30857 18.39 6 5 20
AR24611 19.30 7 0 21
AY39750 20.39 9 2 19
AG74308 19.90 10 4 18
AC20852 22.34 8 2 17
AA21466 20.39 9 4 20
AL08537 17.92 6 4 21
AF08211 18.20 10 0 19
AB07200 20.48 6 4 18
AL09377 19.30 8 1 17
AD07365 18.92 9 2 20
AAZ9035 20.02 9 0 21
AO07476 18.30 7 2 23
AP24871 18.23 10 0 21
AN31751 19.73 8 2 17